              precision    recall  f1-score   support

           0       0.15      1.00      0.26       716
           1       0.00      0.00      0.00       612
           2       0.00      0.00      0.00       824
           3       0.00      0.00      0.00       550
           4       0.00      0.00      0.00       702
           5       0.00      0.00      0.00       290
           6       0.00      0.00      0.00       494
           7       0.00      0.00      0.00       595

    accuracy                           0.15      4783
   macro avg       0.02      0.12      0.03      4783
weighted avg       0.02      0.15      0.04      4783
